  -0.06435
-0.0002592
   0.06358
    0.1269
    0.1895
     0.251
    0.3113
    0.3701
    0.4272
    0.4823
    0.5353
    0.5858
    0.6338
    0.6789
    0.7212
    0.7602
    0.7961
    0.8284
    0.8573
    0.8825
    0.9039
    0.9214
    0.9351
    0.9448
    0.9504
    0.9521
    0.9497
    0.9434
     0.933
    0.9187
    0.9005
    0.8785
    0.8527
    0.8234
    0.7906
    0.7544
    0.7151
    0.6726
    0.6273
    0.5794
    0.5289
    0.4761
    0.4213
    0.3647
    0.3064
    0.2467
    0.1859
    0.1243
   0.06194
-0.0007637
  -0.06359
   -0.1263
   -0.1886
   -0.2503
   -0.3111
   -0.3707
    -0.429
   -0.4857
   -0.5405
   -0.5933
   -0.6437
   -0.6917
    -0.737
   -0.7794
   -0.8188
    -0.855
   -0.8878
   -0.9171
   -0.9428
   -0.9648
    -0.983
   -0.9973
    -1.008
    -1.014
    -1.016
    -1.015
    -1.009
   -0.9994
   -0.9858
   -0.9682
   -0.9468
   -0.9216
   -0.8928
   -0.8604
   -0.8246
   -0.7855
   -0.7433
   -0.6981
   -0.6502
   -0.5996
   -0.5467
   -0.4916
   -0.4345
   -0.3757
   -0.3154
   -0.2538
   -0.1913
   -0.1279
   -0.0641
-2.449e-16
